#Channel        Spectral axis      Intensity
 1.00000E+00      5.450000000E+03   -2.07304E-04
 2.00000E+00      5.455000000E+03    4.03656E-04
 3.00000E+00      5.460000000E+03    5.99829E-03
 4.00000E+00      5.465000488E+03    4.23411E-03
 5.00000E+00      5.470000977E+03    4.64666E-03
 6.00000E+00      5.475001953E+03    3.92320E-03
 7.00000E+00      5.480002930E+03    8.72806E-04
 8.00000E+00      5.485003906E+03    6.33595E-04
 9.00000E+00      5.490004883E+03   -3.43167E-03
 1.00000E+01      5.495006348E+03   -1.63279E-03
 1.10000E+01      5.500007812E+03   -2.26969E-03
 1.20000E+01      5.505009766E+03   -3.23621E-03
 1.30000E+01      5.510011719E+03    1.04134E-03
 1.40000E+01      5.515013672E+03    3.22043E-03
 1.50000E+01      5.520015625E+03    3.43357E-03
 1.60000E+01      5.525018066E+03    2.15302E-03
 1.70000E+01      5.530020508E+03   -4.99934E-04
 1.80000E+01      5.535023438E+03   -2.36895E-03
 1.90000E+01      5.540026367E+03    7.73849E-04
 2.00000E+01      5.545029297E+03    2.00124E-03
 2.10000E+01      5.550032715E+03   -4.22784E-03
 2.20000E+01      5.555036133E+03    2.14808E-03
 2.30000E+01      5.560039551E+03    4.89596E-03
 2.40000E+01      5.565042969E+03   -3.13055E-03
 2.50000E+01      5.570046875E+03   -5.96025E-03
 2.60000E+01      5.575050781E+03   -1.38648E-03
 2.70000E+01      5.580055176E+03    8.55572E-04
 2.80000E+01      5.585059570E+03    4.95100E-03
 2.90000E+01      5.590063965E+03    8.36890E-04
 3.00000E+01      5.595068848E+03   -1.56917E-03
 3.10000E+01      5.600073730E+03    8.44149E-04
 3.20000E+01      5.605078613E+03   -2.42665E-03
 3.30000E+01      5.610083496E+03    1.42310E-03
 3.40000E+01      5.615088867E+03   -5.15340E-04
 3.50000E+01      5.620094727E+03   -9.31061E-04
 3.60000E+01      5.625100098E+03    8.22564E-04
 3.70000E+01      5.630105957E+03   -1.36479E-03
 3.80000E+01      5.635111816E+03   -5.67057E-03
 3.90000E+01      5.640118164E+03   -6.16264E-03
 4.00000E+01      5.645124512E+03    1.97438E-03
 4.10000E+01      5.650130859E+03    1.61583E-04
 4.20000E+01      5.655137695E+03   -2.09926E-03
 4.30000E+01      5.660144531E+03    8.26620E-04
 4.40000E+01      5.665151367E+03   -4.08077E-03
 4.50000E+01      5.670158203E+03   -1.74548E-03
 4.60000E+01      5.675165527E+03   -1.11376E-03
 4.70000E+01      5.680173340E+03   -3.08487E-03
 4.80000E+01      5.685180664E+03   -3.82421E-03
 4.90000E+01      5.690188477E+03    4.38188E-05
 5.00000E+01      5.695196777E+03    3.42928E-03
 5.10000E+01      5.700204590E+03    8.00243E-04
 5.20000E+01      5.705212891E+03   -2.56794E-03
 5.30000E+01      5.710221191E+03   -2.82625E-03
 5.40000E+01      5.715229980E+03   -1.97677E-03
 5.50000E+01      5.720238770E+03   -2.45906E-03
 5.60000E+01      5.725247559E+03   -4.61571E-03
 5.70000E+01      5.730256836E+03   -6.05957E-03
 5.80000E+01      5.735266113E+03   -6.81993E-03
 5.90000E+01      5.740275391E+03   -2.53737E-03
 6.00000E+01      5.745285156E+03    6.95834E-04
 6.10000E+01      5.750294922E+03    8.34910E-04
 6.20000E+01      5.755304688E+03   -6.24772E-03
 6.30000E+01      5.760314941E+03   -5.10725E-03
 6.40000E+01      5.765325195E+03    1.25365E-04
 6.50000E+01      5.770335449E+03   -5.35121E-03
 6.60000E+01      5.775346191E+03   -1.17876E-03
 6.70000E+01      5.780356934E+03   -1.35086E-03
 6.80000E+01      5.785367676E+03   -4.58099E-03
 6.90000E+01      5.790378906E+03    9.08663E-05
 7.00000E+01      5.795390137E+03   -1.35831E-03
 7.10000E+01      5.800401367E+03    3.73990E-03
 7.20000E+01      5.805413086E+03    1.35907E-03
 7.30000E+01      5.810424805E+03    2.00517E-03
 7.40000E+01      5.815436523E+03    2.45962E-03
 7.50000E+01      5.820448730E+03   -5.58698E-03
 7.60000E+01      5.825460938E+03   -1.00051E-02
 7.70000E+01      5.830473633E+03   -3.32716E-03
 7.80000E+01      5.835485840E+03   -1.56334E-03
 7.90000E+01      5.840498535E+03   -4.25521E-03
 8.00000E+01      5.845511719E+03   -4.98467E-04
 8.10000E+01      5.850524414E+03    1.73879E-03
 8.20000E+01      5.855538086E+03   -3.27481E-03
 8.30000E+01      5.860551270E+03   -1.18985E-03
 8.40000E+01      5.865564941E+03    1.57858E-03
 8.50000E+01      5.870578613E+03   -2.65979E-03
 8.60000E+01      5.875592285E+03   -1.46845E-03
 8.70000E+01      5.880606445E+03    1.93690E-03
 8.80000E+01      5.885620605E+03    1.00700E-04
 8.90000E+01      5.890634766E+03   -1.84455E-03
 9.00000E+01      5.895649414E+03    2.11124E-03
 9.10000E+01      5.900664062E+03    7.02591E-05
 9.20000E+01      5.905679199E+03    1.54296E-03
 9.30000E+01      5.910693848E+03    6.62229E-06
 9.40000E+01      5.915708984E+03   -2.04464E-03
 9.50000E+01      5.920724609E+03    1.25575E-03
 9.60000E+01      5.925740234E+03    1.53457E-03
 9.70000E+01      5.930755859E+03   -1.11871E-03
 9.80000E+01      5.935771484E+03   -4.23308E-04
 9.90000E+01      5.940787598E+03    6.21990E-03
 1.00000E+02      5.945803711E+03    4.55377E-03
 1.01000E+02      5.950820312E+03    4.72232E-03
 1.02000E+02      5.955836426E+03    1.69786E-03
 1.03000E+02      5.960853516E+03    3.24911E-03
 1.04000E+02      5.965870117E+03    5.40137E-03
 1.05000E+02      5.970887207E+03    8.86787E-04
 1.06000E+02      5.975904297E+03    1.73788E-03
 1.07000E+02      5.980921387E+03    8.61989E-03
 1.08000E+02      5.985938965E+03    8.33623E-03
 1.09000E+02      5.990956543E+03    3.16064E-03
 1.10000E+02      5.995974609E+03    2.59717E-03
 1.11000E+02      6.000992676E+03    3.85239E-03
 1.12000E+02      6.006010742E+03    7.50763E-04
 1.13000E+02      6.011028809E+03   -5.90309E-04
 1.14000E+02      6.016047363E+03    2.03886E-03
 1.15000E+02      6.021066406E+03    2.45853E-03
 1.16000E+02      6.026084961E+03   -7.99124E-04
 1.17000E+02      6.031104004E+03    1.01237E-03
 1.18000E+02      6.036123047E+03   -1.31798E-03
 1.19000E+02      6.041142578E+03   -1.92531E-03
 1.20000E+02      6.046161621E+03    2.23204E-03
 1.21000E+02      6.051181641E+03   -5.34180E-04
 1.22000E+02      6.056201172E+03   -2.69049E-03
 1.23000E+02      6.061221191E+03   -5.24776E-03
 1.24000E+02      6.066241211E+03   -1.64871E-03
 1.25000E+02      6.071261719E+03    1.67342E-03
 1.26000E+02      6.076282227E+03    6.67959E-04
 1.27000E+02      6.081302734E+03    2.53145E-03
 1.28000E+02      6.086323730E+03   -5.77383E-03
 1.29000E+02      6.091344238E+03   -6.51975E-03
 1.30000E+02      6.096365723E+03   -3.67845E-03
 1.31000E+02      6.101386719E+03   -2.27156E-03
 1.32000E+02      6.106408203E+03    3.53147E-03
 1.33000E+02      6.111429688E+03    5.61956E-03
 1.34000E+02      6.116451660E+03    5.27680E-03
 1.35000E+02      6.121473633E+03    2.54641E-03
 1.36000E+02      6.126495605E+03   -1.68580E-03
 1.37000E+02      6.131518066E+03   -1.72566E-03
 1.38000E+02      6.136540527E+03   -1.77998E-03
 1.39000E+02      6.141562988E+03   -1.73729E-03
 1.40000E+02      6.146585938E+03   -5.73548E-04
 1.41000E+02      6.151608887E+03   -1.25510E-03
 1.42000E+02      6.156631836E+03   -4.10455E-04
 1.43000E+02      6.161655273E+03    1.72262E-03
 1.44000E+02      6.166678711E+03    5.12151E-05
 1.45000E+02      6.171702148E+03   -3.60921E-03
 1.46000E+02      6.176726074E+03   -2.73430E-03
 1.47000E+02      6.181750000E+03    7.67566E-04
 1.48000E+02      6.186773926E+03   -7.26175E-04
 1.49000E+02      6.191798340E+03   -2.22531E-03
 1.50000E+02      6.196822754E+03   -1.02444E-03
 1.51000E+02      6.201847168E+03   -1.82357E-03
 1.52000E+02      6.206872070E+03    1.45672E-03
 1.53000E+02      6.211896973E+03    4.46818E-03
 1.54000E+02      6.216921875E+03    4.14085E-03
 1.55000E+02      6.221947266E+03    6.69249E-03
 1.56000E+02      6.226972656E+03    5.64855E-03
 1.57000E+02      6.231998047E+03    4.51108E-04
 1.58000E+02      6.237023926E+03   -3.94814E-03
 1.59000E+02      6.242049805E+03   -1.94631E-03
 1.60000E+02      6.247075684E+03    4.45908E-03
 1.61000E+02      6.252102051E+03    2.59370E-03
 1.62000E+02      6.257128418E+03   -7.49418E-04
 1.63000E+02      6.262154785E+03   -3.01345E-03
 1.64000E+02      6.267181641E+03   -3.10220E-03
 1.65000E+02      6.272208496E+03    5.84494E-04
 1.66000E+02      6.277235840E+03    8.17648E-04
 1.67000E+02      6.282262695E+03    3.34237E-03
 1.68000E+02      6.287290039E+03    2.84115E-03
 1.69000E+02      6.292317871E+03    5.10777E-03
 1.70000E+02      6.297345703E+03    2.59636E-04
 1.71000E+02      6.302373535E+03   -4.80717E-04
 1.72000E+02      6.307401367E+03    4.05273E-03
 1.73000E+02      6.312429688E+03    3.13851E-04
 1.74000E+02      6.317458008E+03    1.93603E-03
 1.75000E+02      6.322486328E+03    3.54805E-03
 1.76000E+02      6.327515137E+03    5.06553E-04
 1.77000E+02      6.332543945E+03    2.38093E-03
 1.78000E+02      6.337573242E+03   -3.68220E-03
 1.79000E+02      6.342602539E+03   -4.32254E-03
 1.80000E+02      6.347631836E+03   -3.99537E-03
 1.81000E+02      6.352661133E+03    3.06225E-04
 1.82000E+02      6.357690918E+03    2.55340E-03
 1.83000E+02      6.362720703E+03    2.82364E-03
 1.84000E+02      6.367750977E+03    3.61516E-03
 1.85000E+02      6.372781250E+03    5.33085E-03
 1.86000E+02      6.377811523E+03    2.43343E-03
 1.87000E+02      6.382841797E+03   -5.21761E-04
 1.88000E+02      6.387872559E+03   -2.91327E-03
 1.89000E+02      6.392903320E+03   -2.80299E-04
 1.90000E+02      6.397934570E+03    3.67533E-03
 1.91000E+02      6.402965820E+03    1.57666E-03
 1.92000E+02      6.407997070E+03    7.68544E-04
 1.93000E+02      6.413028320E+03    2.49611E-03
 1.94000E+02      6.418060059E+03    1.47685E-02
 1.95000E+02      6.423092285E+03    2.99582E-02
 1.96000E+02      6.428124023E+03    4.09370E-02
 1.97000E+02      6.433156250E+03    5.99105E-02
 1.98000E+02      6.438188477E+03    8.25166E-02
 1.99000E+02      6.443221191E+03    8.80688E-02
 2.00000E+02      6.448253906E+03    8.82533E-02
 2.01000E+02      6.453286621E+03    9.39951E-02
 2.02000E+02      6.458319824E+03    9.44375E-02
 2.03000E+02      6.463353027E+03    8.42743E-02
 2.04000E+02      6.468386230E+03    8.95219E-02
 2.05000E+02      6.473419434E+03    8.30562E-02
 2.06000E+02      6.478453125E+03    8.47835E-02
 2.07000E+02      6.483487305E+03    7.54732E-02
 2.08000E+02      6.488520996E+03    7.21583E-02
 2.09000E+02      6.493555176E+03    7.01838E-02
 2.10000E+02      6.498589844E+03    6.34753E-02
 2.11000E+02      6.503624023E+03    6.40611E-02
 2.12000E+02      6.508658691E+03    6.62752E-02
 2.13000E+02      6.513693848E+03    6.65202E-02
 2.14000E+02      6.518728516E+03    5.72227E-02
 2.15000E+02      6.523763672E+03    5.33750E-02
 2.16000E+02      6.528799316E+03    5.25263E-02
 2.17000E+02      6.533834473E+03    6.08054E-02
 2.18000E+02      6.538870117E+03    6.34596E-02
 2.19000E+02      6.543906250E+03    6.27714E-02
 2.20000E+02      6.548941895E+03    5.98404E-02
 2.21000E+02      6.553978027E+03    5.76283E-02
 2.22000E+02      6.559014648E+03    6.02774E-02
 2.23000E+02      6.564050781E+03    6.19221E-02
 2.24000E+02      6.569087402E+03    6.42420E-02
 2.25000E+02      6.574124512E+03    6.60865E-02
 2.26000E+02      6.579161621E+03    7.12777E-02
 2.27000E+02      6.584198730E+03    7.20740E-02
 2.28000E+02      6.589235840E+03    7.90092E-02
 2.29000E+02      6.594273438E+03    8.72397E-02
 2.30000E+02      6.599311035E+03    9.47153E-02
 2.31000E+02      6.604348633E+03    9.78900E-02
 2.32000E+02      6.609386719E+03    9.01328E-02
 2.33000E+02      6.614424805E+03    7.89225E-02
 2.34000E+02      6.619463379E+03    5.85593E-02
 2.35000E+02      6.624501465E+03    3.38757E-02
 2.36000E+02      6.629540527E+03    2.74553E-02
 2.37000E+02      6.634579102E+03    1.92652E-02
 2.38000E+02      6.639618164E+03    8.69418E-03
 2.39000E+02      6.644657227E+03   -2.26571E-03
 2.40000E+02      6.649696289E+03   -6.51850E-03
 2.41000E+02      6.654735840E+03   -2.14901E-03
 2.42000E+02      6.659775391E+03   -4.40039E-03
 2.43000E+02      6.664815430E+03   -6.55204E-03
 2.44000E+02      6.669855469E+03   -2.72625E-03
 2.45000E+02      6.674895508E+03   -4.25414E-03
 2.46000E+02      6.679935547E+03   -4.32045E-03
 2.47000E+02      6.684976074E+03   -3.28516E-03
 2.48000E+02      6.690017090E+03   -6.34167E-04
 2.49000E+02      6.695057617E+03   -1.30496E-03
 2.50000E+02      6.700098633E+03   -3.50315E-05
