#Channel        Spectral axis      Intensity
 1.00000E+00      5.450000000E+03   -1.20276E-03
 2.00000E+00      5.455000000E+03   -1.75018E-03
 3.00000E+00      5.460000000E+03   -1.27672E-03
 4.00000E+00      5.465000488E+03   -1.43045E-03
 5.00000E+00      5.470000977E+03   -6.90442E-04
 6.00000E+00      5.475001953E+03   -2.50562E-03
 7.00000E+00      5.480002930E+03   -9.66005E-04
 8.00000E+00      5.485003906E+03    1.68495E-03
 9.00000E+00      5.490004883E+03    4.10464E-03
 1.00000E+01      5.495006348E+03    4.50916E-03
 1.10000E+01      5.500007812E+03    2.02284E-03
 1.20000E+01      5.505009766E+03    2.29089E-03
 1.30000E+01      5.510011719E+03   -1.46304E-03
 1.40000E+01      5.515013672E+03   -5.12029E-03
 1.50000E+01      5.520015625E+03   -2.67655E-03
 1.60000E+01      5.525018066E+03   -1.51738E-03
 1.70000E+01      5.530020508E+03   -7.88242E-04
 1.80000E+01      5.535023438E+03    1.66463E-03
 1.90000E+01      5.540026367E+03   -7.44225E-04
 2.00000E+01      5.545029297E+03   -2.85935E-03
 2.10000E+01      5.550032715E+03   -4.27238E-03
 2.20000E+01      5.555036133E+03   -4.06774E-04
 2.30000E+01      5.560039551E+03    4.27344E-03
 2.40000E+01      5.565042969E+03   -1.95447E-03
 2.50000E+01      5.570046875E+03   -2.15055E-03
 2.60000E+01      5.575050781E+03   -2.22662E-03
 2.70000E+01      5.580055176E+03   -1.20066E-03
 2.80000E+01      5.585059570E+03   -7.03998E-04
 2.90000E+01      5.590063965E+03   -1.90476E-03
 3.00000E+01      5.595068848E+03    1.59852E-04
 3.10000E+01      5.600073730E+03    3.68148E-03
 3.20000E+01      5.605078613E+03    3.06867E-03
 3.30000E+01      5.610083496E+03    5.98612E-04
 3.40000E+01      5.615088867E+03    1.58300E-04
 3.50000E+01      5.620094727E+03    2.61846E-03
 3.60000E+01      5.625100098E+03    2.48402E-04
 3.70000E+01      5.630105957E+03   -2.80810E-03
 3.80000E+01      5.635111816E+03   -3.84490E-05
 3.90000E+01      5.640118164E+03    2.98527E-03
 4.00000E+01      5.645124512E+03    3.37800E-03
 4.10000E+01      5.650130859E+03   -1.02729E-03
 4.20000E+01      5.655137695E+03   -1.73910E-03
 4.30000E+01      5.660144531E+03   -3.50199E-03
 4.40000E+01      5.665151367E+03   -4.85562E-03
 4.50000E+01      5.670158203E+03   -1.55347E-04
 4.60000E+01      5.675165527E+03    1.61563E-03
 4.70000E+01      5.680173340E+03   -2.04158E-03
 4.80000E+01      5.685180664E+03   -3.07076E-03
 4.90000E+01      5.690188477E+03    1.34660E-03
 5.00000E+01      5.695196777E+03    1.67740E-03
 5.10000E+01      5.700204590E+03    1.62331E-03
 5.20000E+01      5.705212891E+03   -3.80119E-04
 5.30000E+01      5.710221191E+03   -1.17690E-03
 5.40000E+01      5.715229980E+03   -4.85296E-04
 5.50000E+01      5.720238770E+03    1.76039E-03
 5.60000E+01      5.725247559E+03   -1.27389E-03
 5.70000E+01      5.730256836E+03   -2.62268E-03
 5.80000E+01      5.735266113E+03   -2.16455E-03
 5.90000E+01      5.740275391E+03   -1.97261E-03
 6.00000E+01      5.745285156E+03   -5.33875E-04
 6.10000E+01      5.750294922E+03    5.90370E-04
 6.20000E+01      5.755304688E+03    2.19670E-03
 6.30000E+01      5.760314941E+03    8.40056E-04
 6.40000E+01      5.765325195E+03    1.54279E-03
 6.50000E+01      5.770335449E+03   -9.15155E-04
 6.60000E+01      5.775346191E+03   -8.93093E-04
 6.70000E+01      5.780356934E+03    1.94187E-03
 6.80000E+01      5.785367676E+03    1.44178E-03
 6.90000E+01      5.790378906E+03    1.93314E-03
 7.00000E+01      5.795390137E+03    1.91547E-03
 7.10000E+01      5.800401367E+03    2.38223E-04
 7.20000E+01      5.805413086E+03   -4.47504E-03
 7.30000E+01      5.810424805E+03   -1.88613E-03
 7.40000E+01      5.815436523E+03    1.88157E-03
 7.50000E+01      5.820448730E+03    2.44125E-03
 7.60000E+01      5.825460938E+03   -3.67071E-04
 7.70000E+01      5.830473633E+03    2.48671E-04
 7.80000E+01      5.835485840E+03    4.36988E-04
 7.90000E+01      5.840498535E+03    8.37119E-04
 8.00000E+01      5.845511719E+03    8.69643E-04
 8.10000E+01      5.850524414E+03    3.21185E-03
 8.20000E+01      5.855538086E+03    3.33867E-03
 8.30000E+01      5.860551270E+03    1.35724E-03
 8.40000E+01      5.865564941E+03    5.29948E-03
 8.50000E+01      5.870578613E+03    6.54699E-03
 8.60000E+01      5.875592285E+03    9.41624E-04
 8.70000E+01      5.880606445E+03   -9.01448E-04
 8.80000E+01      5.885620605E+03   -2.24554E-03
 8.90000E+01      5.890634766E+03    1.82744E-03
 9.00000E+01      5.895649414E+03    6.53900E-03
 9.10000E+01      5.900664062E+03    8.27346E-03
 9.20000E+01      5.905679199E+03    1.31275E-02
 9.30000E+01      5.910693848E+03    1.97013E-02
 9.40000E+01      5.915708984E+03    3.06395E-02
 9.50000E+01      5.920724609E+03    4.08462E-02
 9.60000E+01      5.925740234E+03    4.52874E-02
 9.70000E+01      5.930755859E+03    5.06539E-02
 9.80000E+01      5.935771484E+03    5.15305E-02
 9.90000E+01      5.940787598E+03    4.96057E-02
 1.00000E+02      5.945803711E+03    4.29409E-02
 1.01000E+02      5.950820312E+03    3.68229E-02
 1.02000E+02      5.955836426E+03    3.74133E-02
 1.03000E+02      5.960853516E+03    3.48072E-02
 1.04000E+02      5.965870117E+03    3.32690E-02
 1.05000E+02      5.970887207E+03    3.46383E-02
 1.06000E+02      5.975904297E+03    3.68252E-02
 1.07000E+02      5.980921387E+03    3.58157E-02
 1.08000E+02      5.985938965E+03    3.65137E-02
 1.09000E+02      5.990956543E+03    3.80662E-02
 1.10000E+02      5.995974609E+03    3.48983E-02
 1.11000E+02      6.000992676E+03    3.35258E-02
 1.12000E+02      6.006010742E+03    2.96355E-02
 1.13000E+02      6.011028809E+03    2.16918E-02
 1.14000E+02      6.016047363E+03    1.61748E-02
 1.15000E+02      6.021066406E+03    8.72310E-03
 1.16000E+02      6.026084961E+03    6.77084E-03
 1.17000E+02      6.031104004E+03    7.32104E-03
 1.18000E+02      6.036123047E+03    2.94465E-03
 1.19000E+02      6.041142578E+03   -9.31285E-04
 1.20000E+02      6.046161621E+03   -9.85039E-04
 1.21000E+02      6.051181641E+03   -1.08509E-03
 1.22000E+02      6.056201172E+03   -1.70659E-03
 1.23000E+02      6.061221191E+03   -3.57066E-03
 1.24000E+02      6.066241211E+03    4.85667E-04
 1.25000E+02      6.071261719E+03    6.43314E-03
 1.26000E+02      6.076282227E+03    2.86657E-03
 1.27000E+02      6.081302734E+03    7.13490E-04
 1.28000E+02      6.086323730E+03    2.93282E-03
 1.29000E+02      6.091344238E+03    7.13838E-04
 1.30000E+02      6.096365723E+03   -3.75288E-04
 1.31000E+02      6.101386719E+03    1.06838E-03
 1.32000E+02      6.106408203E+03   -2.74158E-03
 1.33000E+02      6.111429688E+03   -1.30164E-03
 1.34000E+02      6.116451660E+03    3.94594E-03
 1.35000E+02      6.121473633E+03    2.98837E-03
 1.36000E+02      6.126495605E+03    1.92063E-03
 1.37000E+02      6.131518066E+03   -1.72825E-03
 1.38000E+02      6.136540527E+03   -5.04409E-03
 1.39000E+02      6.141562988E+03   -2.62031E-03
 1.40000E+02      6.146585938E+03   -1.41703E-03
 1.41000E+02      6.151608887E+03   -4.98284E-03
 1.42000E+02      6.156631836E+03   -3.93867E-03
 1.43000E+02      6.161655273E+03   -9.93822E-05
 1.44000E+02      6.166678711E+03   -1.95437E-03
 1.45000E+02      6.171702148E+03   -1.38495E-03
 1.46000E+02      6.176726074E+03    6.28783E-04
 1.47000E+02      6.181750000E+03    3.82934E-03
 1.48000E+02      6.186773926E+03   -3.60111E-04
 1.49000E+02      6.191798340E+03   -1.90027E-03
 1.50000E+02      6.196822754E+03    3.47032E-04
 1.51000E+02      6.201847168E+03    2.12870E-03
 1.52000E+02      6.206872070E+03    3.77771E-03
 1.53000E+02      6.211896973E+03    4.44269E-03
 1.54000E+02      6.216921875E+03    1.53072E-03
 1.55000E+02      6.221947266E+03   -1.01976E-04
 1.56000E+02      6.226972656E+03   -1.95529E-03
 1.57000E+02      6.231998047E+03   -7.51557E-04
 1.58000E+02      6.237023926E+03   -2.27216E-04
 1.59000E+02      6.242049805E+03   -1.54163E-03
 1.60000E+02      6.247075684E+03    2.71281E-03
 1.61000E+02      6.252102051E+03    1.24143E-03
 1.62000E+02      6.257128418E+03    9.68978E-04
 1.63000E+02      6.262154785E+03    3.11468E-03
 1.64000E+02      6.267181641E+03    1.43249E-03
 1.65000E+02      6.272208496E+03    7.07214E-04
 1.66000E+02      6.277235840E+03   -1.12800E-03
 1.67000E+02      6.282262695E+03   -5.99057E-04
 1.68000E+02      6.287290039E+03   -1.29856E-03
 1.69000E+02      6.292317871E+03   -1.53134E-03
 1.70000E+02      6.297345703E+03   -1.59874E-03
 1.71000E+02      6.302373535E+03    2.00282E-03
 1.72000E+02      6.307401367E+03    3.21983E-03
 1.73000E+02      6.312429688E+03   -6.14906E-04
 1.74000E+02      6.317458008E+03    2.25430E-03
 1.75000E+02      6.322486328E+03    5.16081E-03
 1.76000E+02      6.327515137E+03    1.94598E-03
 1.77000E+02      6.332543945E+03   -9.17310E-04
 1.78000E+02      6.337573242E+03   -9.51348E-04
 1.79000E+02      6.342602539E+03    1.31565E-03
 1.80000E+02      6.347631836E+03    1.43119E-03
 1.81000E+02      6.352661133E+03    9.22866E-04
 1.82000E+02      6.357690918E+03   -1.08439E-03
 1.83000E+02      6.362720703E+03   -1.39806E-03
 1.84000E+02      6.367750977E+03   -1.20803E-03
 1.85000E+02      6.372781250E+03   -4.21299E-05
 1.86000E+02      6.377811523E+03    2.03448E-03
 1.87000E+02      6.382841797E+03    1.30873E-03
 1.88000E+02      6.387872559E+03   -1.45425E-03
 1.89000E+02      6.392903320E+03    8.46997E-04
 1.90000E+02      6.397934570E+03    1.79708E-03
 1.91000E+02      6.402965820E+03   -1.10862E-03
 1.92000E+02      6.407997070E+03    1.00173E-03
 1.93000E+02      6.413028320E+03    3.63476E-03
 1.94000E+02      6.418060059E+03    1.49584E-03
 1.95000E+02      6.423092285E+03    6.23095E-05
 1.96000E+02      6.428124023E+03    2.85373E-03
 1.97000E+02      6.433156250E+03    5.21191E-03
 1.98000E+02      6.438188477E+03    1.53269E-03
 1.99000E+02      6.443221191E+03    2.60947E-04
 2.00000E+02      6.448253906E+03    1.49883E-03
 2.01000E+02      6.453286621E+03   -2.16225E-04
 2.02000E+02      6.458319824E+03   -1.73483E-03
 2.03000E+02      6.463353027E+03   -2.74908E-04
 2.04000E+02      6.468386230E+03    2.40448E-03
 2.05000E+02      6.473419434E+03    1.27026E-03
 2.06000E+02      6.478453125E+03    7.51985E-04
 2.07000E+02      6.483487305E+03   -3.51469E-04
 2.08000E+02      6.488520996E+03    2.07049E-04
 2.09000E+02      6.493555176E+03   -6.87849E-04
 2.10000E+02      6.498589844E+03   -3.29353E-03
 2.11000E+02      6.503624023E+03   -4.42919E-03
 2.12000E+02      6.508658691E+03    3.42971E-04
 2.13000E+02      6.513693848E+03    2.43639E-03
 2.14000E+02      6.518728516E+03    1.18745E-04
 2.15000E+02      6.523763672E+03   -8.83373E-04
 2.16000E+02      6.528799316E+03    3.74752E-04
 2.17000E+02      6.533834473E+03    7.42889E-04
 2.18000E+02      6.538870117E+03   -1.97184E-04
 2.19000E+02      6.543906250E+03   -1.30506E-03
 2.20000E+02      6.548941895E+03   -1.95600E-03
 2.21000E+02      6.553978027E+03    6.39343E-04
 2.22000E+02      6.559014648E+03   -3.20503E-03
 2.23000E+02      6.564050781E+03   -6.28383E-03
 2.24000E+02      6.569087402E+03   -5.29602E-03
 2.25000E+02      6.574124512E+03   -2.65880E-03
 2.26000E+02      6.579161621E+03   -2.27440E-03
 2.27000E+02      6.584198730E+03   -2.07968E-03
 2.28000E+02      6.589235840E+03   -7.01537E-04
 2.29000E+02      6.594273438E+03   -5.68525E-03
 2.30000E+02      6.599311035E+03   -4.86513E-03
 2.31000E+02      6.604348633E+03    1.25426E-03
 2.32000E+02      6.609386719E+03   -8.52389E-04
 2.33000E+02      6.614424805E+03   -2.21331E-03
 2.34000E+02      6.619463379E+03   -8.00655E-05
 2.35000E+02      6.624501465E+03    2.57471E-04
 2.36000E+02      6.629540527E+03   -1.35539E-03
 2.37000E+02      6.634579102E+03    2.50693E-04
 2.38000E+02      6.639618164E+03   -4.50970E-03
 2.39000E+02      6.644657227E+03   -4.63616E-03
 2.40000E+02      6.649696289E+03    3.46771E-04
 2.41000E+02      6.654735840E+03   -5.87323E-04
 2.42000E+02      6.659775391E+03   -2.44401E-03
 2.43000E+02      6.664815430E+03   -2.52820E-03
 2.44000E+02      6.669855469E+03   -1.03203E-03
 2.45000E+02      6.674895508E+03   -9.82901E-04
 2.46000E+02      6.679935547E+03    6.40248E-04
 2.47000E+02      6.684976074E+03    1.36178E-03
 2.48000E+02      6.690017090E+03    2.18385E-03
 2.49000E+02      6.695057617E+03    3.23812E-04
 2.50000E+02      6.700098633E+03   -2.33493E-03
