#Channel        Spectral axis      Intensity
 1.00000E+00      5.450000000E+03    2.31021E-04
 2.00000E+00      5.455000000E+03   -2.69436E-05
 3.00000E+00      5.460000000E+03   -3.59956E-04
 4.00000E+00      5.465000488E+03   -7.28442E-05
 5.00000E+00      5.470000977E+03   -2.64018E-04
 6.00000E+00      5.475001953E+03    3.62769E-04
 7.00000E+00      5.480002930E+03    3.16602E-04
 8.00000E+00      5.485003906E+03   -8.06683E-04
 9.00000E+00      5.490004883E+03   -9.87097E-05
 1.00000E+01      5.495006348E+03    2.11533E-04
 1.10000E+01      5.500007812E+03   -4.04367E-04
 1.20000E+01      5.505009766E+03   -9.49024E-04
 1.30000E+01      5.510011719E+03   -9.81838E-04
 1.40000E+01      5.515013672E+03   -1.09304E-03
 1.50000E+01      5.520015625E+03    4.34759E-04
 1.60000E+01      5.525018066E+03    1.48235E-03
 1.70000E+01      5.530020508E+03    1.78471E-03
 1.80000E+01      5.535023438E+03    1.00631E-03
 1.90000E+01      5.540026367E+03   -7.40798E-04
 2.00000E+01      5.545029297E+03    1.15715E-03
 2.10000E+01      5.550032715E+03    1.19110E-03
 2.20000E+01      5.555036133E+03   -5.34238E-04
 2.30000E+01      5.560039551E+03   -6.47679E-04
 2.40000E+01      5.565042969E+03   -8.66973E-04
 2.50000E+01      5.570046875E+03   -6.46648E-04
 2.60000E+01      5.575050781E+03   -2.42596E-04
 2.70000E+01      5.580055176E+03   -2.35273E-04
 2.80000E+01      5.585059570E+03    1.17151E-04
 2.90000E+01      5.590063965E+03    9.30519E-04
 3.00000E+01      5.595068848E+03   -5.73373E-05
 3.10000E+01      5.600073730E+03    1.22325E-03
 3.20000E+01      5.605078613E+03    9.57863E-04
 3.30000E+01      5.610083496E+03   -3.03953E-04
 3.40000E+01      5.615088867E+03    3.41996E-04
 3.50000E+01      5.620094727E+03   -1.44238E-04
 3.60000E+01      5.625100098E+03    3.56892E-04
 3.70000E+01      5.630105957E+03    7.64181E-04
 3.80000E+01      5.635111816E+03   -4.77143E-04
 3.90000E+01      5.640118164E+03   -4.88212E-04
 4.00000E+01      5.645124512E+03   -2.20478E-04
 4.10000E+01      5.650130859E+03   -1.12507E-03
 4.20000E+01      5.655137695E+03   -5.39433E-04
 4.30000E+01      5.660144531E+03   -6.91509E-04
 4.40000E+01      5.665151367E+03   -8.51095E-04
 4.50000E+01      5.670158203E+03    1.26186E-03
 4.60000E+01      5.675165527E+03    1.30548E-03
 4.70000E+01      5.680173340E+03   -6.35709E-04
 4.80000E+01      5.685180664E+03    7.85897E-04
 4.90000E+01      5.690188477E+03    1.68341E-03
 5.00000E+01      5.695196777E+03    8.33417E-04
 5.10000E+01      5.700204590E+03   -3.78348E-04
 5.20000E+01      5.705212891E+03   -3.46318E-04
 5.30000E+01      5.710221191E+03    7.73877E-04
 5.40000E+01      5.715229980E+03    3.21255E-04
 5.50000E+01      5.720238770E+03   -5.02769E-04
 5.60000E+01      5.725247559E+03    1.93343E-06
 5.70000E+01      5.730256836E+03    1.00120E-04
 5.80000E+01      5.735266113E+03   -1.08480E-03
 5.90000E+01      5.740275391E+03   -7.62953E-04
 6.00000E+01      5.745285156E+03    6.09425E-04
 6.10000E+01      5.750294922E+03    1.34943E-03
 6.20000E+01      5.755304688E+03    2.03777E-03
 6.30000E+01      5.760314941E+03    1.52159E-03
 6.40000E+01      5.765325195E+03    5.35375E-04
 6.50000E+01      5.770335449E+03    7.73627E-04
 6.60000E+01      5.775346191E+03    1.17015E-03
 6.70000E+01      5.780356934E+03    3.11119E-04
 6.80000E+01      5.785367676E+03    3.38103E-04
 6.90000E+01      5.790378906E+03    9.02289E-04
 7.00000E+01      5.795390137E+03    5.74420E-04
 7.10000E+01      5.800401367E+03   -1.11174E-03
 7.20000E+01      5.805413086E+03   -1.04910E-03
 7.30000E+01      5.810424805E+03   -8.18834E-04
 7.40000E+01      5.815436523E+03   -1.90335E-03
 7.50000E+01      5.820448730E+03   -1.59815E-03
 7.60000E+01      5.825460938E+03   -4.05692E-04
 7.70000E+01      5.830473633E+03   -1.48050E-04
 7.80000E+01      5.835485840E+03   -4.10753E-04
 7.90000E+01      5.840498535E+03   -6.97020E-04
 8.00000E+01      5.845511719E+03   -1.81220E-03
 8.10000E+01      5.850524414E+03   -8.07027E-04
 8.20000E+01      5.855538086E+03    1.87380E-04
 8.30000E+01      5.860551270E+03    3.38274E-04
 8.40000E+01      5.865564941E+03    1.35953E-03
 8.50000E+01      5.870578613E+03    8.13398E-04
 8.60000E+01      5.875592285E+03   -1.22239E-03
 8.70000E+01      5.880606445E+03   -1.85556E-04
 8.80000E+01      5.885620605E+03    4.98325E-04
 8.90000E+01      5.890634766E+03    1.69522E-04
 9.00000E+01      5.895649414E+03    5.83721E-04
 9.10000E+01      5.900664062E+03    6.68945E-04
 9.20000E+01      5.905679199E+03    6.47287E-05
 9.30000E+01      5.910693848E+03    4.19520E-04
 9.40000E+01      5.915708984E+03    4.36572E-04
 9.50000E+01      5.920724609E+03    6.61862E-05
 9.60000E+01      5.925740234E+03    1.57462E-05
 9.70000E+01      5.930755859E+03    1.74302E-04
 9.80000E+01      5.935771484E+03   -6.50036E-04
 9.90000E+01      5.940787598E+03   -1.32673E-03
 1.00000E+02      5.945803711E+03   -1.33565E-03
 1.01000E+02      5.950820312E+03   -7.02321E-04
 1.02000E+02      5.955836426E+03    1.13215E-03
 1.03000E+02      5.960853516E+03    1.43810E-03
 1.04000E+02      5.965870117E+03   -6.12210E-04
 1.05000E+02      5.970887207E+03   -1.19741E-03
 1.06000E+02      5.975904297E+03   -1.26836E-03
 1.07000E+02      5.980921387E+03   -2.63246E-04
 1.08000E+02      5.985938965E+03    1.59525E-04
 1.09000E+02      5.990956543E+03    3.45967E-04
 1.10000E+02      5.995974609E+03   -8.97678E-04
 1.11000E+02      6.000992676E+03   -2.20868E-03
 1.12000E+02      6.006010742E+03   -1.30239E-03
 1.13000E+02      6.011028809E+03   -6.62754E-04
 1.14000E+02      6.016047363E+03   -9.72128E-04
 1.15000E+02      6.021066406E+03    3.55288E-04
 1.16000E+02      6.026084961E+03    1.16321E-03
 1.17000E+02      6.031104004E+03   -3.99396E-04
 1.18000E+02      6.036123047E+03   -1.57964E-03
 1.19000E+02      6.041142578E+03   -1.32219E-03
 1.20000E+02      6.046161621E+03   -5.68515E-04
 1.21000E+02      6.051181641E+03   -4.62064E-04
 1.22000E+02      6.056201172E+03   -1.39900E-03
 1.23000E+02      6.061221191E+03   -7.07994E-04
 1.24000E+02      6.066241211E+03   -2.84876E-04
 1.25000E+02      6.071261719E+03   -5.61961E-04
 1.26000E+02      6.076282227E+03    3.21604E-04
 1.27000E+02      6.081302734E+03   -3.82037E-04
 1.28000E+02      6.086323730E+03   -3.71617E-04
 1.29000E+02      6.091344238E+03    2.37170E-03
 1.30000E+02      6.096365723E+03    4.97770E-03
 1.31000E+02      6.101386719E+03    4.81688E-03
 1.32000E+02      6.106408203E+03    3.90418E-03
 1.33000E+02      6.111429688E+03    3.27859E-03
 1.34000E+02      6.116451660E+03    3.10037E-03
 1.35000E+02      6.121473633E+03    3.26995E-03
 1.36000E+02      6.126495605E+03    2.62626E-03
 1.37000E+02      6.131518066E+03    1.84389E-03
 1.38000E+02      6.136540527E+03    2.46676E-03
 1.39000E+02      6.141562988E+03    2.28610E-03
 1.40000E+02      6.146585938E+03    5.51017E-04
 1.41000E+02      6.151608887E+03    2.10781E-03
 1.42000E+02      6.156631836E+03    1.76111E-03
 1.43000E+02      6.161655273E+03    2.31161E-03
 1.44000E+02      6.166678711E+03    2.73404E-03
 1.45000E+02      6.171702148E+03    1.23681E-04
 1.46000E+02      6.176726074E+03   -1.60783E-04
 1.47000E+02      6.181750000E+03   -4.35860E-04
 1.48000E+02      6.186773926E+03    3.52788E-04
 1.49000E+02      6.191798340E+03    1.14877E-03
 1.50000E+02      6.196822754E+03    1.50502E-03
 1.51000E+02      6.201847168E+03    8.40393E-04
 1.52000E+02      6.206872070E+03    4.84148E-04
 1.53000E+02      6.211896973E+03    1.19643E-03
 1.54000E+02      6.216921875E+03    4.70598E-04
 1.55000E+02      6.221947266E+03    9.24809E-04
 1.56000E+02      6.226972656E+03    5.87321E-04
 1.57000E+02      6.231998047E+03    3.90390E-04
 1.58000E+02      6.237023926E+03   -3.76822E-04
 1.59000E+02      6.242049805E+03    7.07919E-04
 1.60000E+02      6.247075684E+03    1.31084E-03
 1.61000E+02      6.252102051E+03    3.42678E-04
 1.62000E+02      6.257128418E+03   -4.83747E-04
 1.63000E+02      6.262154785E+03   -3.03257E-04
 1.64000E+02      6.267181641E+03    5.18700E-04
 1.65000E+02      6.272208496E+03    4.94994E-04
 1.66000E+02      6.277235840E+03    1.40356E-05
 1.67000E+02      6.282262695E+03    6.50374E-04
 1.68000E+02      6.287290039E+03    1.64766E-03
 1.69000E+02      6.292317871E+03    9.67159E-04
 1.70000E+02      6.297345703E+03   -7.64746E-04
 1.71000E+02      6.302373535E+03   -1.75002E-04
 1.72000E+02      6.307401367E+03   -8.22953E-05
 1.73000E+02      6.312429688E+03   -1.35943E-03
 1.74000E+02      6.317458008E+03   -5.41058E-04
 1.75000E+02      6.322486328E+03   -3.98078E-05
 1.76000E+02      6.327515137E+03   -4.06257E-04
 1.77000E+02      6.332543945E+03   -6.96103E-05
 1.78000E+02      6.337573242E+03    1.06039E-03
 1.79000E+02      6.342602539E+03    7.56359E-04
 1.80000E+02      6.347631836E+03    1.18386E-04
 1.81000E+02      6.352661133E+03   -8.04815E-05
 1.82000E+02      6.357690918E+03    2.35447E-04
 1.83000E+02      6.362720703E+03    8.66476E-04
 1.84000E+02      6.367750977E+03   -2.02383E-04
 1.85000E+02      6.372781250E+03   -2.43087E-04
 1.86000E+02      6.377811523E+03    5.58618E-04
 1.87000E+02      6.382841797E+03    8.66414E-04
 1.88000E+02      6.387872559E+03    7.18251E-04
 1.89000E+02      6.392903320E+03    1.37664E-03
 1.90000E+02      6.397934570E+03    9.65005E-04
 1.91000E+02      6.402965820E+03    3.95442E-04
 1.92000E+02      6.407997070E+03    3.56516E-04
 1.93000E+02      6.413028320E+03    1.10051E-03
 1.94000E+02      6.418060059E+03   -9.07904E-04
 1.95000E+02      6.423092285E+03   -1.92519E-03
 1.96000E+02      6.428124023E+03   -5.61165E-04
 1.97000E+02      6.433156250E+03   -6.90988E-04
 1.98000E+02      6.438188477E+03   -3.99997E-04
 1.99000E+02      6.443221191E+03   -4.18164E-04
 2.00000E+02      6.448253906E+03   -1.46455E-03
 2.01000E+02      6.453286621E+03   -7.57114E-04
 2.02000E+02      6.458319824E+03   -5.79077E-04
 2.03000E+02      6.463353027E+03   -6.16479E-04
 2.04000E+02      6.468386230E+03    2.84027E-04
 2.05000E+02      6.473419434E+03   -9.80955E-05
 2.06000E+02      6.478453125E+03   -1.46073E-04
 2.07000E+02      6.483487305E+03    1.62997E-03
 2.08000E+02      6.488520996E+03    1.28850E-03
 2.09000E+02      6.493555176E+03    1.56914E-03
 2.10000E+02      6.498589844E+03    4.51768E-04
 2.11000E+02      6.503624023E+03   -1.81906E-04
 2.12000E+02      6.508658691E+03    1.23150E-03
 2.13000E+02      6.513693848E+03   -2.05276E-04
 2.14000E+02      6.518728516E+03   -1.14872E-03
 2.15000E+02      6.523763672E+03   -3.28257E-04
 2.16000E+02      6.528799316E+03   -1.42259E-03
 2.17000E+02      6.533834473E+03   -1.95447E-03
 2.18000E+02      6.538870117E+03   -2.61399E-04
 2.19000E+02      6.543906250E+03   -7.23711E-04
 2.20000E+02      6.548941895E+03   -5.39534E-04
 2.21000E+02      6.553978027E+03   -5.02807E-04
 2.22000E+02      6.559014648E+03   -1.05415E-03
 2.23000E+02      6.564050781E+03    3.43651E-04
 2.24000E+02      6.569087402E+03   -9.26954E-04
 2.25000E+02      6.574124512E+03   -2.39263E-03
 2.26000E+02      6.579161621E+03   -1.18017E-03
 2.27000E+02      6.584198730E+03   -1.60943E-03
 2.28000E+02      6.589235840E+03   -2.34606E-03
 2.29000E+02      6.594273438E+03   -1.09034E-03
 2.30000E+02      6.599311035E+03   -9.50960E-04
 2.31000E+02      6.604348633E+03   -1.88350E-05
 2.32000E+02      6.609386719E+03   -3.73874E-04
 2.33000E+02      6.614424805E+03   -1.11481E-03
 2.34000E+02      6.619463379E+03    6.06950E-05
 2.35000E+02      6.624501465E+03    1.12650E-03
 2.36000E+02      6.629540527E+03    2.70549E-04
 2.37000E+02      6.634579102E+03   -1.26171E-04
 2.38000E+02      6.639618164E+03   -2.59921E-04
 2.39000E+02      6.644657227E+03    4.25418E-04
 2.40000E+02      6.649696289E+03    1.80030E-03
 2.41000E+02      6.654735840E+03    3.92028E-04
 2.42000E+02      6.659775391E+03   -1.30488E-03
 2.43000E+02      6.664815430E+03   -5.83807E-04
 2.44000E+02      6.669855469E+03    9.51919E-04
 2.45000E+02      6.674895508E+03    1.12954E-03
 2.46000E+02      6.679935547E+03    1.70533E-03
 2.47000E+02      6.684976074E+03    9.72194E-04
 2.48000E+02      6.690017090E+03    1.08193E-03
 2.49000E+02      6.695057617E+03    7.59138E-04
 2.50000E+02      6.700098633E+03    6.97861E-05
