#Channel        Spectral axis      Intensity
 1.00000E+00      5.450000000E+03    5.59737E-04
 2.00000E+00      5.455000000E+03   -8.26945E-04
 3.00000E+00      5.460000000E+03    6.92828E-04
 4.00000E+00      5.465000488E+03   -1.76132E-03
 5.00000E+00      5.470000977E+03   -5.13201E-03
 6.00000E+00      5.475001953E+03   -1.65683E-03
 7.00000E+00      5.480002930E+03   -6.11851E-04
 8.00000E+00      5.485003906E+03   -2.48379E-03
 9.00000E+00      5.490004883E+03   -2.34078E-03
 1.00000E+01      5.495006348E+03    7.18747E-04
 1.10000E+01      5.500007812E+03    3.95209E-03
 1.20000E+01      5.505009766E+03    1.95216E-03
 1.30000E+01      5.510011719E+03   -9.84692E-05
 1.40000E+01      5.515013672E+03   -8.99665E-04
 1.50000E+01      5.520015625E+03   -8.09977E-04
 1.60000E+01      5.525018066E+03   -1.40438E-03
 1.70000E+01      5.530020508E+03   -1.41447E-03
 1.80000E+01      5.535023438E+03   -1.29281E-03
 1.90000E+01      5.540026367E+03    1.55454E-03
 2.00000E+01      5.545029297E+03    3.00659E-03
 2.10000E+01      5.550032715E+03    7.28494E-04
 2.20000E+01      5.555036133E+03    1.36977E-03
 2.30000E+01      5.560039551E+03    1.95820E-03
 2.40000E+01      5.565042969E+03   -8.65757E-04
 2.50000E+01      5.570046875E+03   -2.78406E-03
 2.60000E+01      5.575050781E+03   -6.88385E-04
 2.70000E+01      5.580055176E+03    7.29789E-04
 2.80000E+01      5.585059570E+03    3.43340E-04
 2.90000E+01      5.590063965E+03   -8.92025E-04
 3.00000E+01      5.595068848E+03    8.48443E-04
 3.10000E+01      5.600073730E+03    2.23209E-03
 3.20000E+01      5.605078613E+03    2.00922E-03
 3.30000E+01      5.610083496E+03    8.11559E-04
 3.40000E+01      5.615088867E+03    6.20523E-04
 3.50000E+01      5.620094727E+03    9.09642E-04
 3.60000E+01      5.625100098E+03    5.55544E-04
 3.70000E+01      5.630105957E+03    3.30336E-03
 3.80000E+01      5.635111816E+03    8.00445E-04
 3.90000E+01      5.640118164E+03   -9.92755E-04
 4.00000E+01      5.645124512E+03   -1.84385E-03
 4.10000E+01      5.650130859E+03   -2.94252E-03
 4.20000E+01      5.655137695E+03   -1.92465E-03
 4.30000E+01      5.660144531E+03    3.25950E-04
 4.40000E+01      5.665151367E+03    4.46709E-06
 4.50000E+01      5.670158203E+03    1.09032E-03
 4.60000E+01      5.675165527E+03    8.43545E-05
 4.70000E+01      5.680173340E+03    3.98638E-03
 4.80000E+01      5.685180664E+03    8.41425E-03
 4.90000E+01      5.690188477E+03    1.06881E-02
 5.00000E+01      5.695196777E+03    1.70222E-02
 5.10000E+01      5.700204590E+03    1.67452E-02
 5.20000E+01      5.705212891E+03    1.70303E-02
 5.30000E+01      5.710221191E+03    2.13764E-02
 5.40000E+01      5.715229980E+03    2.20137E-02
 5.50000E+01      5.720238770E+03    1.89100E-02
 5.60000E+01      5.725247559E+03    2.19649E-02
 5.70000E+01      5.730256836E+03    2.44482E-02
 5.80000E+01      5.735266113E+03    2.15502E-02
 5.90000E+01      5.740275391E+03    1.97556E-02
 6.00000E+01      5.745285156E+03    1.88547E-02
 6.10000E+01      5.750294922E+03    1.73527E-02
 6.20000E+01      5.755304688E+03    1.60950E-02
 6.30000E+01      5.760314941E+03    1.69548E-02
 6.40000E+01      5.765325195E+03    1.68310E-02
 6.50000E+01      5.770335449E+03    1.42551E-02
 6.60000E+01      5.775346191E+03    1.58422E-02
 6.70000E+01      5.780356934E+03    1.41566E-02
 6.80000E+01      5.785367676E+03    1.08606E-02
 6.90000E+01      5.790378906E+03    1.03136E-02
 7.00000E+01      5.795390137E+03    1.07941E-02
 7.10000E+01      5.800401367E+03    1.41563E-02
 7.20000E+01      5.805413086E+03    1.56168E-02
 7.30000E+01      5.810424805E+03    1.52269E-02
 7.40000E+01      5.815436523E+03    1.53237E-02
 7.50000E+01      5.820448730E+03    1.29824E-02
 7.60000E+01      5.825460938E+03    1.14153E-02
 7.70000E+01      5.830473633E+03    9.58319E-03
 7.80000E+01      5.835485840E+03    8.68487E-03
 7.90000E+01      5.840498535E+03    7.33861E-03
 8.00000E+01      5.845511719E+03    6.90789E-03
 8.10000E+01      5.850524414E+03    9.32443E-03
 8.20000E+01      5.855538086E+03    1.08962E-02
 8.30000E+01      5.860551270E+03    9.28779E-03
 8.40000E+01      5.865564941E+03    1.08947E-02
 8.50000E+01      5.870578613E+03    1.21514E-02
 8.60000E+01      5.875592285E+03    1.14291E-02
 8.70000E+01      5.880606445E+03    1.15789E-02
 8.80000E+01      5.885620605E+03    6.42117E-03
 8.90000E+01      5.890634766E+03    5.51658E-03
 9.00000E+01      5.895649414E+03    8.94041E-03
 9.10000E+01      5.900664062E+03    5.13918E-03
 9.20000E+01      5.905679199E+03    5.53274E-03
 9.30000E+01      5.910693848E+03    6.59338E-03
 9.40000E+01      5.915708984E+03    5.00029E-03
 9.50000E+01      5.920724609E+03    6.39722E-03
 9.60000E+01      5.925740234E+03    5.82934E-03
 9.70000E+01      5.930755859E+03    3.80989E-03
 9.80000E+01      5.935771484E+03    7.63947E-03
 9.90000E+01      5.940787598E+03    7.08704E-03
 1.00000E+02      5.945803711E+03    4.69669E-03
 1.01000E+02      5.950820312E+03    7.26881E-03
 1.02000E+02      5.955836426E+03    7.73310E-03
 1.03000E+02      5.960853516E+03    5.34712E-03
 1.04000E+02      5.965870117E+03    3.01999E-03
 1.05000E+02      5.970887207E+03    5.46152E-03
 1.06000E+02      5.975904297E+03    3.95310E-03
 1.07000E+02      5.980921387E+03    6.07062E-03
 1.08000E+02      5.985938965E+03    7.61860E-03
 1.09000E+02      5.990956543E+03    8.77956E-03
 1.10000E+02      5.995974609E+03    7.04177E-03
 1.11000E+02      6.000992676E+03    7.50246E-03
 1.12000E+02      6.006010742E+03    9.34716E-03
 1.13000E+02      6.011028809E+03    4.97486E-03
 1.14000E+02      6.016047363E+03    5.54085E-03
 1.15000E+02      6.021066406E+03    1.10138E-02
 1.16000E+02      6.026084961E+03    9.22517E-03
 1.17000E+02      6.031104004E+03    6.89697E-03
 1.18000E+02      6.036123047E+03    9.51925E-03
 1.19000E+02      6.041142578E+03    9.33814E-03
 1.20000E+02      6.046161621E+03    8.89463E-03
 1.21000E+02      6.051181641E+03    9.23689E-03
 1.22000E+02      6.056201172E+03    1.33218E-02
 1.23000E+02      6.061221191E+03    1.40551E-02
 1.24000E+02      6.066241211E+03    1.09546E-02
 1.25000E+02      6.071261719E+03    1.18859E-02
 1.26000E+02      6.076282227E+03    1.27046E-02
 1.27000E+02      6.081302734E+03    1.24111E-02
 1.28000E+02      6.086323730E+03    9.61073E-03
 1.29000E+02      6.091344238E+03    1.12159E-02
 1.30000E+02      6.096365723E+03    1.35720E-02
 1.31000E+02      6.101386719E+03    1.05226E-02
 1.32000E+02      6.106408203E+03    8.25593E-03
 1.33000E+02      6.111429688E+03    6.89390E-03
 1.34000E+02      6.116451660E+03    3.32015E-03
 1.35000E+02      6.121473633E+03    6.11337E-03
 1.36000E+02      6.126495605E+03    3.50240E-03
 1.37000E+02      6.131518066E+03   -2.55966E-03
 1.38000E+02      6.136540527E+03   -4.59156E-04
 1.39000E+02      6.141562988E+03    7.89892E-04
 1.40000E+02      6.146585938E+03   -1.41271E-03
 1.41000E+02      6.151608887E+03    3.22684E-04
 1.42000E+02      6.156631836E+03    4.62623E-03
 1.43000E+02      6.161655273E+03    3.54416E-03
 1.44000E+02      6.166678711E+03    3.10745E-03
 1.45000E+02      6.171702148E+03    1.93703E-03
 1.46000E+02      6.176726074E+03    2.30732E-03
 1.47000E+02      6.181750000E+03   -5.82698E-04
 1.48000E+02      6.186773926E+03   -1.20292E-03
 1.49000E+02      6.191798340E+03    2.10496E-03
 1.50000E+02      6.196822754E+03   -2.48376E-05
 1.51000E+02      6.201847168E+03   -1.76501E-03
 1.52000E+02      6.206872070E+03    6.48011E-04
 1.53000E+02      6.211896973E+03    1.65994E-03
 1.54000E+02      6.216921875E+03    5.21145E-04
 1.55000E+02      6.221947266E+03   -8.88420E-04
 1.56000E+02      6.226972656E+03   -7.56396E-04
 1.57000E+02      6.231998047E+03    1.97068E-03
 1.58000E+02      6.237023926E+03    2.17146E-03
 1.59000E+02      6.242049805E+03    2.96562E-03
 1.60000E+02      6.247075684E+03    4.27502E-03
 1.61000E+02      6.252102051E+03    2.12171E-03
 1.62000E+02      6.257128418E+03    7.00798E-05
 1.63000E+02      6.262154785E+03   -2.75262E-03
 1.64000E+02      6.267181641E+03   -4.83616E-04
 1.65000E+02      6.272208496E+03   -3.91649E-04
 1.66000E+02      6.277235840E+03   -1.84757E-03
 1.67000E+02      6.282262695E+03   -2.84879E-03
 1.68000E+02      6.287290039E+03   -1.19356E-03
 1.69000E+02      6.292317871E+03    8.99100E-04
 1.70000E+02      6.297345703E+03    3.47043E-04
 1.71000E+02      6.302373535E+03    2.17462E-03
 1.72000E+02      6.307401367E+03    2.45508E-03
 1.73000E+02      6.312429688E+03    5.66676E-04
 1.74000E+02      6.317458008E+03   -4.25435E-03
 1.75000E+02      6.322486328E+03   -5.25754E-03
 1.76000E+02      6.327515137E+03   -1.47397E-03
 1.77000E+02      6.332543945E+03    1.67293E-03
 1.78000E+02      6.337573242E+03    3.92040E-03
 1.79000E+02      6.342602539E+03    3.41353E-03
 1.80000E+02      6.347631836E+03    2.56625E-03
 1.81000E+02      6.352661133E+03    1.81190E-03
 1.82000E+02      6.357690918E+03   -8.55491E-04
 1.83000E+02      6.362720703E+03    2.65857E-04
 1.84000E+02      6.367750977E+03   -2.41200E-04
 1.85000E+02      6.372781250E+03   -9.61668E-04
 1.86000E+02      6.377811523E+03    6.45903E-04
 1.87000E+02      6.382841797E+03   -1.10599E-03
 1.88000E+02      6.387872559E+03   -1.87478E-03
 1.89000E+02      6.392903320E+03   -2.42373E-03
 1.90000E+02      6.397934570E+03    2.26474E-06
 1.91000E+02      6.402965820E+03    2.13524E-03
 1.92000E+02      6.407997070E+03   -6.46045E-04
 1.93000E+02      6.413028320E+03   -4.03362E-03
 1.94000E+02      6.418060059E+03   -3.07236E-04
 1.95000E+02      6.423092285E+03    9.26016E-04
 1.96000E+02      6.428124023E+03   -3.04018E-03
 1.97000E+02      6.433156250E+03   -1.96510E-03
 1.98000E+02      6.438188477E+03    2.15946E-03
 1.99000E+02      6.443221191E+03    1.73772E-03
 2.00000E+02      6.448253906E+03    1.44204E-03
 2.01000E+02      6.453286621E+03   -8.02657E-05
 2.02000E+02      6.458319824E+03   -2.20936E-03
 2.03000E+02      6.463353027E+03   -2.31521E-03
 2.04000E+02      6.468386230E+03   -1.38107E-03
 2.05000E+02      6.473419434E+03   -2.29233E-03
 2.06000E+02      6.478453125E+03   -1.21333E-03
 2.07000E+02      6.483487305E+03   -1.86645E-03
 2.08000E+02      6.488520996E+03   -4.23332E-03
 2.09000E+02      6.493555176E+03   -2.99692E-03
 2.10000E+02      6.498589844E+03    1.50395E-03
 2.11000E+02      6.503624023E+03   -3.21314E-03
 2.12000E+02      6.508658691E+03   -1.96886E-03
 2.13000E+02      6.513693848E+03    8.67508E-04
 2.14000E+02      6.518728516E+03    2.89452E-03
 2.15000E+02      6.523763672E+03    3.22793E-03
 2.16000E+02      6.528799316E+03    1.20312E-04
 2.17000E+02      6.533834473E+03   -4.49225E-04
 2.18000E+02      6.538870117E+03    9.88767E-05
 2.19000E+02      6.543906250E+03   -3.52448E-04
 2.20000E+02      6.548941895E+03   -1.50594E-04
 2.21000E+02      6.553978027E+03    2.33669E-06
 2.22000E+02      6.559014648E+03   -3.84331E-04
 2.23000E+02      6.564050781E+03   -2.11523E-03
 2.24000E+02      6.569087402E+03   -3.34148E-03
 2.25000E+02      6.574124512E+03   -1.77073E-03
 2.26000E+02      6.579161621E+03    2.08645E-03
 2.27000E+02      6.584198730E+03    8.66566E-04
 2.28000E+02      6.589235840E+03   -1.44772E-03
 2.29000E+02      6.594273438E+03    1.14844E-03
 2.30000E+02      6.599311035E+03    3.20035E-03
 2.31000E+02      6.604348633E+03    6.02616E-04
 2.32000E+02      6.609386719E+03    4.16116E-03
 2.33000E+02      6.614424805E+03    1.15020E-03
 2.34000E+02      6.619463379E+03   -2.50946E-04
 2.35000E+02      6.624501465E+03   -9.15626E-04
 2.36000E+02      6.629540527E+03    3.34276E-04
 2.37000E+02      6.634579102E+03    1.42746E-03
 2.38000E+02      6.639618164E+03    6.31960E-04
 2.39000E+02      6.644657227E+03    3.71731E-04
 2.40000E+02      6.649696289E+03    1.47383E-03
 2.41000E+02      6.654735840E+03    3.63143E-04
 2.42000E+02      6.659775391E+03    3.91286E-03
 2.43000E+02      6.664815430E+03    9.44261E-05
 2.44000E+02      6.669855469E+03   -6.40363E-04
 2.45000E+02      6.674895508E+03    1.60422E-03
 2.46000E+02      6.679935547E+03    1.11869E-03
 2.47000E+02      6.684976074E+03   -1.17222E-03
 2.48000E+02      6.690017090E+03   -2.17036E-03
 2.49000E+02      6.695057617E+03   -3.36397E-03
 2.50000E+02      6.700098633E+03   -9.87953E-04
