#Channel        Spectral axis      Intensity
 1.00000E+00      5.450000000E+03   -9.92760E-04
 2.00000E+00      5.455000000E+03   -2.00634E-03
 3.00000E+00      5.460000000E+03   -1.67370E-04
 4.00000E+00      5.465000488E+03   -9.22484E-04
 5.00000E+00      5.470000977E+03   -1.06943E-03
 6.00000E+00      5.475001953E+03   -8.41492E-04
 7.00000E+00      5.480002930E+03   -2.87573E-04
 8.00000E+00      5.485003906E+03   -8.77484E-04
 9.00000E+00      5.490004883E+03   -1.40913E-03
 1.00000E+01      5.495006348E+03   -8.25383E-05
 1.10000E+01      5.500007812E+03    1.05326E-03
 1.20000E+01      5.505009766E+03    2.73298E-04
 1.30000E+01      5.510011719E+03    6.12086E-04
 1.40000E+01      5.515013672E+03    1.27649E-03
 1.50000E+01      5.520015625E+03   -1.58148E-04
 1.60000E+01      5.525018066E+03   -4.02839E-04
 1.70000E+01      5.530020508E+03    6.60367E-04
 1.80000E+01      5.535023438E+03   -2.20950E-05
 1.90000E+01      5.540026367E+03    1.07150E-04
 2.00000E+01      5.545029297E+03   -9.83103E-04
 2.10000E+01      5.550032715E+03   -6.63996E-05
 2.20000E+01      5.555036133E+03   -8.78234E-04
 2.30000E+01      5.560039551E+03   -1.37783E-04
 2.40000E+01      5.565042969E+03    7.92511E-04
 2.50000E+01      5.570046875E+03   -9.45455E-04
 2.60000E+01      5.575050781E+03   -3.08973E-04
 2.70000E+01      5.580055176E+03    7.81193E-04
 2.80000E+01      5.585059570E+03    1.44946E-03
 2.90000E+01      5.590063965E+03    1.96446E-03
 3.00000E+01      5.595068848E+03    1.18887E-03
 3.10000E+01      5.600073730E+03   -9.46053E-04
 3.20000E+01      5.605078613E+03   -4.78765E-04
 3.30000E+01      5.610083496E+03   -3.22993E-04
 3.40000E+01      5.615088867E+03   -4.37137E-04
 3.50000E+01      5.620094727E+03    1.61808E-03
 3.60000E+01      5.625100098E+03    1.79988E-03
 3.70000E+01      5.630105957E+03    1.76138E-03
 3.80000E+01      5.635111816E+03    4.63769E-04
 3.90000E+01      5.640118164E+03   -3.34313E-04
 4.00000E+01      5.645124512E+03   -8.28197E-04
 4.10000E+01      5.650130859E+03   -8.94942E-04
 4.20000E+01      5.655137695E+03    2.42326E-04
 4.30000E+01      5.660144531E+03    3.86065E-04
 4.40000E+01      5.665151367E+03    1.85648E-03
 4.50000E+01      5.670158203E+03    2.29754E-03
 4.60000E+01      5.675165527E+03    2.80738E-03
 4.70000E+01      5.680173340E+03    2.60695E-03
 4.80000E+01      5.685180664E+03    1.32440E-03
 4.90000E+01      5.690188477E+03    1.55538E-03
 5.00000E+01      5.695196777E+03    2.81302E-03
 5.10000E+01      5.700204590E+03    7.41339E-04
 5.20000E+01      5.705212891E+03    5.48556E-04
 5.30000E+01      5.710221191E+03    3.73849E-04
 5.40000E+01      5.715229980E+03   -3.25594E-04
 5.50000E+01      5.720238770E+03   -3.18559E-04
 5.60000E+01      5.725247559E+03    2.12794E-03
 5.70000E+01      5.730256836E+03    1.31164E-03
 5.80000E+01      5.735266113E+03    6.55806E-04
 5.90000E+01      5.740275391E+03    4.14017E-03
 6.00000E+01      5.745285156E+03    5.89930E-03
 6.10000E+01      5.750294922E+03    4.96606E-03
 6.20000E+01      5.755304688E+03    6.95958E-03
 6.30000E+01      5.760314941E+03    6.58444E-03
 6.40000E+01      5.765325195E+03    7.18497E-03
 6.50000E+01      5.770335449E+03    8.40436E-03
 6.60000E+01      5.775346191E+03    8.44024E-03
 6.70000E+01      5.780356934E+03    6.79497E-03
 6.80000E+01      5.785367676E+03    5.99292E-03
 6.90000E+01      5.790378906E+03    5.82619E-03
 7.00000E+01      5.795390137E+03    5.54979E-03
 7.10000E+01      5.800401367E+03    5.66329E-03
 7.20000E+01      5.805413086E+03    6.50700E-03
 7.30000E+01      5.810424805E+03    5.68906E-03
 7.40000E+01      5.815436523E+03    5.07754E-03
 7.50000E+01      5.820448730E+03    5.53211E-03
 7.60000E+01      5.825460938E+03    4.38852E-03
 7.70000E+01      5.830473633E+03    5.48650E-03
 7.80000E+01      5.835485840E+03    6.32316E-03
 7.90000E+01      5.840498535E+03    4.01645E-03
 8.00000E+01      5.845511719E+03    2.77819E-03
 8.10000E+01      5.850524414E+03    3.88979E-03
 8.20000E+01      5.855538086E+03    4.57016E-03
 8.30000E+01      5.860551270E+03    3.46386E-03
 8.40000E+01      5.865564941E+03    5.03218E-03
 8.50000E+01      5.870578613E+03    2.73612E-03
 8.60000E+01      5.875592285E+03    4.06235E-04
 8.70000E+01      5.880606445E+03    2.21978E-03
 8.80000E+01      5.885620605E+03    2.52771E-03
 8.90000E+01      5.890634766E+03    2.08517E-03
 9.00000E+01      5.895649414E+03    4.20373E-03
 9.10000E+01      5.900664062E+03    3.60179E-03
 9.20000E+01      5.905679199E+03    2.24848E-03
 9.30000E+01      5.910693848E+03    2.62872E-03
 9.40000E+01      5.915708984E+03    3.09923E-03
 9.50000E+01      5.920724609E+03    2.44842E-03
 9.60000E+01      5.925740234E+03    9.94094E-04
 9.70000E+01      5.930755859E+03    1.91095E-03
 9.80000E+01      5.935771484E+03    2.33751E-03
 9.90000E+01      5.940787598E+03    2.12166E-03
 1.00000E+02      5.945803711E+03    3.89880E-03
 1.01000E+02      5.950820312E+03    4.19635E-03
 1.02000E+02      5.955836426E+03    3.17263E-03
 1.03000E+02      5.960853516E+03    1.83199E-03
 1.04000E+02      5.965870117E+03    3.05746E-03
 1.05000E+02      5.970887207E+03    3.66092E-03
 1.06000E+02      5.975904297E+03    3.51640E-03
 1.07000E+02      5.980921387E+03    2.49348E-03
 1.08000E+02      5.985938965E+03    5.25531E-04
 1.09000E+02      5.990956543E+03    1.33789E-03
 1.10000E+02      5.995974609E+03    3.04714E-03
 1.11000E+02      6.000992676E+03    2.61371E-03
 1.12000E+02      6.006010742E+03    2.37272E-03
 1.13000E+02      6.011028809E+03    2.62023E-03
 1.14000E+02      6.016047363E+03    2.78074E-03
 1.15000E+02      6.021066406E+03    2.51370E-03
 1.16000E+02      6.026084961E+03    4.29231E-03
 1.17000E+02      6.031104004E+03    3.86618E-03
 1.18000E+02      6.036123047E+03    2.80716E-03
 1.19000E+02      6.041142578E+03    4.28475E-03
 1.20000E+02      6.046161621E+03    4.81778E-03
 1.21000E+02      6.051181641E+03    4.70950E-03
 1.22000E+02      6.056201172E+03    4.54466E-03
 1.23000E+02      6.061221191E+03    3.77431E-03
 1.24000E+02      6.066241211E+03    3.78424E-03
 1.25000E+02      6.071261719E+03    4.33022E-03
 1.26000E+02      6.076282227E+03    3.49353E-03
 1.27000E+02      6.081302734E+03    3.69285E-03
 1.28000E+02      6.086323730E+03    5.48062E-03
 1.29000E+02      6.091344238E+03    5.65867E-03
 1.30000E+02      6.096365723E+03    3.40417E-03
 1.31000E+02      6.101386719E+03    3.58918E-03
 1.32000E+02      6.106408203E+03    2.92426E-03
 1.33000E+02      6.111429688E+03   -8.41935E-04
 1.34000E+02      6.116451660E+03   -1.45328E-03
 1.35000E+02      6.121473633E+03   -8.24146E-04
 1.36000E+02      6.126495605E+03   -2.48328E-04
 1.37000E+02      6.131518066E+03    9.29640E-04
 1.38000E+02      6.136540527E+03    1.09284E-03
 1.39000E+02      6.141562988E+03   -4.16645E-04
 1.40000E+02      6.146585938E+03   -3.09782E-03
 1.41000E+02      6.151608887E+03   -1.38144E-03
 1.42000E+02      6.156631836E+03    8.00777E-04
 1.43000E+02      6.161655273E+03    3.32974E-04
 1.44000E+02      6.166678711E+03   -3.82512E-04
 1.45000E+02      6.171702148E+03   -4.12337E-04
 1.46000E+02      6.176726074E+03   -3.63989E-04
 1.47000E+02      6.181750000E+03   -3.38287E-04
 1.48000E+02      6.186773926E+03   -2.31376E-04
 1.49000E+02      6.191798340E+03   -1.83676E-03
 1.50000E+02      6.196822754E+03   -2.46581E-03
 1.51000E+02      6.201847168E+03   -1.47902E-03
 1.52000E+02      6.206872070E+03   -8.51795E-04
 1.53000E+02      6.211896973E+03   -7.61011E-04
 1.54000E+02      6.216921875E+03   -8.38900E-04
 1.55000E+02      6.221947266E+03   -3.00987E-03
 1.56000E+02      6.226972656E+03   -1.82917E-03
 1.57000E+02      6.231998047E+03   -8.14568E-04
 1.58000E+02      6.237023926E+03   -1.46761E-03
 1.59000E+02      6.242049805E+03   -7.40784E-04
 1.60000E+02      6.247075684E+03   -6.08416E-04
 1.61000E+02      6.252102051E+03   -4.04227E-04
 1.62000E+02      6.257128418E+03   -1.77140E-04
 1.63000E+02      6.262154785E+03   -9.11264E-04
 1.64000E+02      6.267181641E+03   -2.20099E-03
 1.65000E+02      6.272208496E+03   -1.46383E-03
 1.66000E+02      6.277235840E+03   -1.58044E-04
 1.67000E+02      6.282262695E+03    1.70527E-03
 1.68000E+02      6.287290039E+03    1.77755E-03
 1.69000E+02      6.292317871E+03    6.58066E-04
 1.70000E+02      6.297345703E+03    1.80521E-03
 1.71000E+02      6.302373535E+03   -1.21490E-03
 1.72000E+02      6.307401367E+03   -9.93193E-04
 1.73000E+02      6.312429688E+03    1.58413E-03
 1.74000E+02      6.317458008E+03    1.25209E-03
 1.75000E+02      6.322486328E+03   -1.89584E-04
 1.76000E+02      6.327515137E+03   -1.16754E-03
 1.77000E+02      6.332543945E+03   -2.75673E-04
 1.78000E+02      6.337573242E+03    5.98257E-04
 1.79000E+02      6.342602539E+03    7.39899E-04
 1.80000E+02      6.347631836E+03    8.16613E-04
 1.81000E+02      6.352661133E+03   -1.22468E-03
 1.82000E+02      6.357690918E+03   -9.77658E-04
 1.83000E+02      6.362720703E+03   -7.07353E-04
 1.84000E+02      6.367750977E+03   -2.20779E-03
 1.85000E+02      6.372781250E+03   -1.36375E-03
 1.86000E+02      6.377811523E+03    9.69228E-04
 1.87000E+02      6.382841797E+03   -3.32034E-04
 1.88000E+02      6.387872559E+03    7.05314E-05
 1.89000E+02      6.392903320E+03    1.20048E-03
 1.90000E+02      6.397934570E+03   -2.38567E-03
 1.91000E+02      6.402965820E+03   -1.21800E-03
 1.92000E+02      6.407997070E+03   -3.76126E-04
 1.93000E+02      6.413028320E+03   -2.85706E-04
 1.94000E+02      6.418060059E+03   -1.16428E-04
 1.95000E+02      6.423092285E+03   -1.23691E-03
 1.96000E+02      6.428124023E+03   -1.05176E-03
 1.97000E+02      6.433156250E+03   -7.73048E-04
 1.98000E+02      6.438188477E+03    3.93937E-04
 1.99000E+02      6.443221191E+03   -7.24523E-04
 2.00000E+02      6.448253906E+03    2.43250E-04
 2.01000E+02      6.453286621E+03    1.27356E-03
 2.02000E+02      6.458319824E+03    2.30838E-03
 2.03000E+02      6.463353027E+03    1.41796E-03
 2.04000E+02      6.468386230E+03    1.19227E-03
 2.05000E+02      6.473419434E+03    1.72141E-03
 2.06000E+02      6.478453125E+03    2.19542E-03
 2.07000E+02      6.483487305E+03    9.57574E-04
 2.08000E+02      6.488520996E+03   -2.56702E-06
 2.09000E+02      6.493555176E+03   -2.29923E-03
 2.10000E+02      6.498589844E+03   -2.33667E-03
 2.11000E+02      6.503624023E+03   -6.03961E-04
 2.12000E+02      6.508658691E+03   -5.22467E-04
 2.13000E+02      6.513693848E+03   -8.58131E-04
 2.14000E+02      6.518728516E+03   -9.64556E-04
 2.15000E+02      6.523763672E+03   -3.97742E-04
 2.16000E+02      6.528799316E+03   -1.14941E-03
 2.17000E+02      6.533834473E+03   -8.78806E-05
 2.18000E+02      6.538870117E+03   -9.66961E-04
 2.19000E+02      6.543906250E+03   -1.59518E-03
 2.20000E+02      6.548941895E+03   -7.70435E-05
 2.21000E+02      6.553978027E+03    1.33077E-03
 2.22000E+02      6.559014648E+03    7.34405E-04
 2.23000E+02      6.564050781E+03    5.14994E-04
 2.24000E+02      6.569087402E+03    2.01370E-03
 2.25000E+02      6.574124512E+03    2.46632E-04
 2.26000E+02      6.579161621E+03   -2.18868E-04
 2.27000E+02      6.584198730E+03    6.46054E-05
 2.28000E+02      6.589235840E+03   -1.46784E-03
 2.29000E+02      6.594273438E+03    6.42124E-04
 2.30000E+02      6.599311035E+03   -3.62890E-05
 2.31000E+02      6.604348633E+03   -7.95413E-04
 2.32000E+02      6.609386719E+03    3.70108E-04
 2.33000E+02      6.614424805E+03    2.53678E-03
 2.34000E+02      6.619463379E+03    2.40459E-03
 2.35000E+02      6.624501465E+03    1.64901E-03
 2.36000E+02      6.629540527E+03    1.67572E-03
 2.37000E+02      6.634579102E+03    5.69996E-05
 2.38000E+02      6.639618164E+03    4.08047E-04
 2.39000E+02      6.644657227E+03    2.34134E-03
 2.40000E+02      6.649696289E+03    1.00297E-03
 2.41000E+02      6.654735840E+03   -7.14660E-04
 2.42000E+02      6.659775391E+03    1.22450E-03
 2.43000E+02      6.664815430E+03    8.57955E-04
 2.44000E+02      6.669855469E+03   -9.17541E-04
 2.45000E+02      6.674895508E+03    1.31733E-04
 2.46000E+02      6.679935547E+03    1.14568E-03
 2.47000E+02      6.684976074E+03    1.04120E-03
 2.48000E+02      6.690017090E+03   -2.82266E-06
 2.49000E+02      6.695057617E+03    3.23531E-04
 2.50000E+02      6.700098633E+03    8.57323E-04
